79,836
79,835
79,834
80,94
79,833
4294967278,401
297,11
79,832
297,10
79,831
79,830
79,829
79,828
4294967279,302
79,827
80,93
79,826
80,24
79,825
79,824
79,823
79,661
79,559
80,63
79,822
79,821
79,660
79,659
79,658
79,232
79,128
79,657
79,198
79,234
79,820
80,92
79,819
79,818
79,817
79,656
79,655
79,654
79,24
79,192
79,653
79,130
79,196
79,652
79,651
79,650
79,649
79,648
79,647
79,324
79,37
80,28
79,193
79,816
79,132
79,41
79,646
79,32
79,36
79,815
79,814
79,813
79,812
79,645
79,644
79,208
80,91
79,207
79,643
79,642
79,641
79,575
79,574
79,573
79,572
79,571
79,238
79,231
79,239
79,233
79,237
79,235
79,236
79,241
79,811
79,810
79,570
79,340
79,339
79,809
79,342
79,334
79,335
79,332
79,333
79,338
79,337
79,336
80,29
79,341
79,368
79,512
79,367
79,808
79,362
79,361
79,360
79,366
80,56
79,365
79,363
79,359
79,364
79,807
4294967278,397
79,372
79,371
79,806
79,369
79,370
79,805
80,90
79,804
79,803
79,802
79,801
79,800
79,799
79,798
80,89
79,797
79,796
79,795
79,794
79,793
79,792
4294967278,393
79,791
80,88
79,790
79,789
79,788
79,787
88,7
4294967279,293
79,786
4294967278,390
79,785
79,784
79,783
80,87
79,782
79,781
79,780
79,779
79,778
79,777
79,776
80,86
79,775
79,774
4294967278,247
79,773
79,772
79,771
4294967278,243
79,770
4294967278,239
79,769
4294967278,224
80,85
79,768
79,767
4294967279,291
79,766
79,765
79,764
79,763
4294967278,220
79,762
80,44
80,84
79,761
79,760
79,759
4294967279,285
79,758
79,757
79,756
4294967278,214
79,755
79,754
80,83
79,753
4294967278,210
79,752
4294967279,283
79,751
4294967279,280
4294967279,277
79,750
4294967278,383
79,569
79,568
4294967278,382
79,749
4294967279,268
4294967279,259
79,748
4294967279,256
79,747
4294967279,575
80,82
80,62
4294967278,379
79,567
79,566
79,565
79,564
79,563
79,562
79,746
79,561
279,9
79,745
4294967279,573
79,744
79,743
79,742
79,741
4294967279,570
79,558
4294967278,369
80,60
4294967279,569
4294967279,568
79,740
4294967279,567
297,8
297,9
297,5
4294967278,368
80,81
4294967279,562
4294967278,366
4294967279,561
4294967278,365
4294967279,560
4294967279,557
79,739
4294967278,353
4294967279,555
4294967278,352
4294967279,554
79,738
4294967278,351
4294967278,350
79,557
79,556
79,555
79,554
79,737
79,553
79,552
80,59
79,640
79,551
79,550
79,549
79,548
79,736
79,735
79,734
79,733
79,540
79,538
80,61
4294967278,385
79,539
79,543
79,545
4294967278,358
79,542
4294967279,364
79,541
79,544
4294967278,347
4294967279,565
79,547
4294967278,376
79,546
79,732
80,80
79,731
79,730
79,729
4294967278,345
79,728
79,727
79,537
79,536
79,535
79,533
79,534
79,532
79,531
80,58
79,530
79,529
79,528
79,527
79,726
79,725
79,526
79,525
80,79
79,724
79,560
79,524
79,523
79,723
79,722
79,721
79,720
79,719
79,718
80,78
79,717
79,716
79,715
79,714
79,713
79,712
79,711
80,77
79,710
79,709
4294967278,344
79,708
79,707
4294967279,547
79,706
79,705
79,704
79,639
80,76
79,638
79,637
79,636
79,635
4294967278,338
79,634
79,633
79,632
80,75
79,631
79,630
79,629
79,628
79,627
79,626
4294967279,542
79,625
80,74
79,624
79,623
79,622
4294967278,337
79,621
4294967278,335
79,620
4294967278,333
79,619
80,53
4294967278,331
4294967279,541
79,618
80,73
79,617
79,616
4294967279,540
79,615
79,614
79,613
79,612
79,611
79,610
80,72
79,609
87,20
79,608
79,607
79,606
79,605
79,604
79,603
4294967278,329
80,71
79,602
87,19
87,18
4294967278,328
79,601
80,50
79,600
79,599
79,598
4294967278,326
79,597
79,596
80,70
79,595
79,358
80,48
80,16
4294967278,325
79,345
79,346
79,347
79,344
79,594
79,250
79,255
80,43
79,254
79,253
79,320
79,251
79,252
79,593
79,592
4294967279,537
79,591
79,590
79,589
80,69
79,588
79,357
79,356
79,354
79,353
79,352
79,355
79,351
79,348
79,350
79,349
79,587
4294967278,324
79,586
79,585
79,584
4294967279,536
79,583
79,582
79,230
79,229
79,581
79,228
80,68
79,221
79,222
79,227
79,226
80,15
79,225
79,223
79,220
79,224
79,580
79,249
79,248
79,579
79,246
79,247
79,578
79,577
79,576
79,511
79,510
80,67
79,509
79,508
79,522
79,521
79,520
79,519
79,518
79,517
79,516
79,515
4294967279,535
79,514
79,513
79,507
79,506
79,383
79,382
79,381
79,505
79,380
79,379
79,378
80,57
79,377
79,376
79,375
79,374
79,373
79,504
4294967279,534
79,503
87,17
80,66
87,16
79,502
79,501
79,500
79,499
79,498
4294967279,532
79,497
79,496
87,15
80,65
79,495
79,494
79,493
79,492
79,491
79,490
79,489
87,14
79,488
80,64
79,487
79,486
4294967278,320
79,485
79,484
79,483
4294967279,531
79,482
79,481
80,55
79,480
79,479
79,478
79,477
79,476
4294967278,311
79,475
87,13
79,474
80,54
4294967279,530
80,18
79,473
79,472
79,471
79,470
4294967279,529
79,469
79,468
4294967278,310
79,467
80,52
79,466
79,465
79,464
79,463
79,462
79,461
79,460
79,459
80,51
79,458
79,457
79,456
80,32
79,455
79,454
79,453
79,452
80,49
4294967278,308
79,215
79,219
79,216
79,218
79,451
4294967278,305
79,213
79,212
80,17
79,217
4294967279,525
79,211
79,210
79,214
79,209
79,450
79,343
80,35
79,449
79,448
79,127
79,126
79,125
79,331
79,330
80,47
79,329
79,328
79,327
79,326
79,325
79,124
79,323
79,322
79,321
79,123
297,7
297,6
79,122
4294967278,303
4294967279,521
279,8
279,7
79,121
4294967279,517
79,120
80,46
79,119
79,118
79,206
79,205
79,203
79,197
79,200
79,204
79,195
80,14
79,199
79,201
4294967279,513
79,202
79,194
80,45
79,117
79,245
79,243
79,116
79,244
79,115
